X1 = [      2.34699276e-40,       2.34702078e-40]
X2 = [     -1.40129846e-45,       1.40129846e-45]
X3 = [      9.99999940e-01,       1.00000012e+00]
X4 = [      2.34696473e-40,       2.34704881e-40]
X5 = [      9.99999881e-01,       1.00000024e+00]
X6 = [     -2.80259693e-45,       2.80259693e-45]
X7 = [      3.40282347e+38,                  inf]

Não unitários:
X4 = [      2.34696473e-40,       2.34704881e-40]
X5 = [      9.99999881e-01,       1.00000024e+00]
X6 = [     -2.80259693e-45,       2.80259693e-45]
X7 = [      3.40282347e+38,                  inf]
