X1 = [      2.69999988e-02,       2.70000026e-02]
X2 = [      9.99999884e-06,       1.00000007e-05]
X3 = [      3.69999975e-01,       3.70000035e-01]
X4 = [      3.70009959e-01,       3.70010078e-01]
X5 = [      2.69899964e-02,       2.69900039e-02]
X6 = [      9.98999830e-03,       9.99000296e-03]

Não unitários:
X4 = [      3.70009959e-01,       3.70010078e-01]
X5 = [      2.69899964e-02,       2.69900039e-02]
X6 = [      9.98999830e-03,       9.99000296e-03]
