X1 = [      3.99999976e+00,       4.00000048e+00]
X2 = [      1.67772140e+07,       1.67772160e+07]
X3 = [      1.67772160e+07,       1.67772220e+07]

Não unitários:
X3 = [      1.67772160e+07,       1.67772220e+07]
