X1 = [      3.14149976e+00,       3.14150023e+00]
X2 = [      1.23449993e+00,       1.23450017e+00]
X3 = [     -1.45000017e+00,      -1.44999993e+00]
X4 = [      4.37599897e+00,       4.37600088e+00]
X5 = [     -6.34520245e+00,      -6.34519768e+00]

Não unitários:
X4 = [      4.37599897e+00,       4.37600088e+00]
X5 = [     -6.34520245e+00,      -6.34519768e+00]
