X1 = [      1.23456689e+03,       1.23456714e+03]
X2 = [      4.56782305e+04,       4.56782383e+04]
X3 = [      7.64676250e+05,       7.64676375e+05]
X4 = [      9.44043904e+08,       9.44044416e+08]
X5 = [      8.10354438e+05,       8.10354688e+05]
X6 = [      3.69993858e+01,       3.69994087e+01]
X7 = [      2.70274617e-02,       2.70274747e-02]

Não unitários:
X4 = [      9.44043904e+08,       9.44044416e+08]
X5 = [      8.10354438e+05,       8.10354688e+05]
X6 = [      3.69993858e+01,       3.69994087e+01]
X7 = [      2.70274617e-02,       2.70274747e-02]
