X1 = [      1.99999988e+00,       2.00000024e+00]
X2 = [      3.99999976e+00,       4.00000048e+00]
X3 = [      7.99999952e+00,       8.00000095e+00]
X4 = [      1.19999981e+01,       1.20000029e+01]
X5 = [     -2.00000072e+00,      -1.99999940e+00]

Não unitários:
X4 = [      1.19999981e+01,       1.20000029e+01]
X5 = [     -2.00000072e+00,      -1.99999940e+00]
