----------
Gauss-Jacobi
x1 = -6.19791198662318
x2 = -0.59379544738672
x3 = -1.22357598624415
x4 = -9.97865988827263
x5 = 6.60586171401541
x6 = 1.45758173246077
x7 = 6.30647294748231
x8 = 4.56798676351577
x9 = 0.397265145321857
x10 = 3.98164214176717
x11 = 0.075616574822885
x12 = 2.99774888546927
x13 = 1.92780446669284
x14 = 9.74847059320862
x15 = -7.9509954818383
x16 = 7.66952284938469
x17 = -2.71375265697065
x18 = 1.41283537694909
x19 = 3.92262532138184
x20 = 0.959799022540474
x21 = 0.665605149599414
x22 = 0.814870113434723
x23 = -9.33006132024228
x24 = -2.65268804484125
x25 = 3.66056467955371
x26 = -8.43042712014705
x27 = -6.73008982651473
x28 = 3.33363700637463
x29 = 5.80820544250981
x30 = -0.296199344407832
x31 = 8.18154285148061
x32 = 9.61023944372129
