----------
Gauss-Jacobi
x1 = -2.93783003531749
x2 = -3.63183940528612
x3 = -6.49353429114923
x4 = 2.45183504236979
x5 = -1.55309996300148
x6 = -1.54242857965795
x7 = -8.02103724004454
x8 = 1.77158489360135
x9 = 2.27477287405784
x10 = 9.33518810029357
